44|10707|2014|1.00|1.00|710.00|.00|02|จันทิมา ผาใต้|0001903||2|10.00|11.00|8.00|1|1||6|74|44010203|2|5|1|3|44010202|0||15/09/2014 0:00:00|15/09/2014 0:00:00||16/09/2014 0:00:00|16/09/2014 0:00:00|0|||||44010202
44|10707|2014|4.00|4.00|1.00|1.00|02|จันทิมา ผาใต้|0001903||2|10.00|11.00|8.00|1|1||6|74|44010203|2|5|1|3|44010202|0||15/09/2557 0:00:00|15/09/2557 0:00:00||16/09/2557 0:00:00|16/09/2014 0:00:00|0|||||44010202
44|10707|2014|7.00|7.00|713.00|.00|02|ชานน พลเสน|0012087||1|1.00|5.00|16.00|1|1||11|4|44010204|2|0|1|3|44010202|0||16/09/2014 0:00:00|16/09/2014 0:00:00||16/09/2014 0:00:00|17/09/2014 0:00:00|0|||||44010202
44|10707|2014|8.00|8.00|7.00|7.00|02|ชานน พลเสน|0012087||1|1.00|5.00|16.00|1|1||11|4|44010204|2|0|1|3|44010202|0||16/09/2557 0:00:00|16/09/2557 0:00:00||16/09/2557 0:00:00|17/09/2014 0:00:00|0|||||44010202
44|10707|2014|3.00|3.00|712.00|.00|02|ณัฐวัฒน์ ปั่นกลาง|0002041||1|11.00|7.00|5.00|1|1||6|96|44010203|2|5|1|3|44010202|0||15/09/2014 0:00:00|15/09/2014 0:00:00||16/09/2014 0:00:00|16/09/2014 0:00:00|0|||||44010202
44|10707|2014|6.00|6.00|3.00|3.00|02|ณัฐวัฒน์ ปั่นกลาง|0002041||1|11.00|7.00|5.00|1|1||6|96|44010203|2|5|1|3|44010202|0||15/09/2557 0:00:00|15/09/2557 0:00:00||16/09/2557 0:00:00|16/09/2014 0:00:00|0|||||44010202
44|10707|2014|9.00|9.00|715.00|.00|02|บังอร พลเสน|0006852||2|53.00|8.00|.00|2|1||1|100|44010218|2|5|1|3|44010202|0||17/09/2014 0:00:00|17/09/2014 0:00:00||17/09/2014 0:00:00|19/09/2014 0:00:00|0|||||44010202
44|10707|2014|10.00|10.00|9.00|9.00|02|บังอร พลเสน|0006852||2|53.00|8.00|.00|2|1||1|100|44010218|2|5|1|3|44010202|0||17/09/2557 0:00:00|17/09/2557 0:00:00||17/09/2557 0:00:00|19/09/2014 0:00:00|0|||||44010202
44|10707|2014|2.00|2.00|711.00|.00|02|บุษกร สินธุ์บัว|0001893||2|11.00|.00|28.00|1|1||6|73|44010203|2|5|1|3|44010202|0||15/09/2014 0:00:00|15/09/2014 0:00:00||16/09/2014 0:00:00|16/09/2014 0:00:00|0|||||44010202
44|10707|2014|5.00|5.00|2.00|2.00|02|บุษกร สินธุ์บัว|0001893||2|11.00|.00|28.00|1|1||6|73|44010203|2|5|1|3|44010202|0||15/09/2557 0:00:00|15/09/2557 0:00:00||16/09/2557 0:00:00|16/09/2014 0:00:00|0|||||44010202
44|10707|2014|